10

0 30 48 43 45 8 16 26 25 32
30 0 55 49 53 20 31 33 21 37
48 55 0 29 6 46 33 23 51 24
43 49 29 0 26 41 29 17 44 13
45 53 6 26 0 43 30 20 48 21
8 20 46 41 43 0 17 24 15 29
16 31 33 29 30 17 0 12 26 23
26 33 23 17 20 24 12 0 28 11
25 21 51 44 48 15 26 28 0 32
32 37 24 13 21 29 23 11 32 0